0.126
0
0
0
0
0
0.97664
1.0004
0.97701
0.96472
32.082
51.372
83.455
1.2151
62.42
16.42
0.12824
1.0292
18.432
0.99977
0.998
0.99849
0.79701
14.69
3.7415
1.0273
0.51364
1.9218
1.8197
1.0001
1.0007
0.93076
1.6937
0.126
0.001638
4.8006
6.8751
4.7559
4.7559
-0.047247
1.1543e-05
1.1543e-05
14.381
17.921
1.4555
21.321
101.4
0.9847
0.24618
1.2462
0.99092
3.9637
1.0121
0.99836
0.1266
0.001638
143.73
0.88907
0.99097
1.0133
1
1.357
1.375
95.122
0.99332
13.571
1.1543
1
0.99092
4.503e-21
1950.5
1.375
0.9594
1.0889
17.312
114.22
5.75996e+05
75.008
5.9972
25.002
1.2892
20.454
6.8180
0.98619
0.99418
1.0339
1.0006
1.0002
