0.96459
1.0004
0.96493
0.9474
32.361
51.272
83.633
1.2212
62.611
16.611
0.12973
1.0462
18.668
0.99964
0.99481
0.99775
0.79377
14.818
3.85
1.0548
0.52738
2.0304
1.8196
1.0002
1.0006
0.93075
1.6936
0.126
0.0019188
4.8057
6.9117
4.7697
4.7697
-0.04465
1.1467e-05
1.1467e-05
14.476
18.012
1.4584
21.412
102.13
0.97687
0.24422
1.0196
1.0081
0.12781
0.0019188
143.9
0.80636
0.98664
1.0048
1
1.2927
1.2989
110.41
0.99368
13.618
1.1467
1
1.0485
5.8774e-20
1959.7
1.2989
0.9106
1.1446
17.312
135.59
5.76005e+05
89.997
6.0052
50.033
1.2909
20.481
6.8270
0.97564
0.98969
1.0493
1.0071
1.0028
